-2.603225616588174862e+00 -2.364741102321719524e+00 8.530169693407056997e+00 1.488571549255945037e+00 1.431772413492169704e+01 -3.155758573381277077e-01 1.012895155054579721e+00 -4.282432918166887981e-01 -3.964061404076949735e+00 5.130882055032474298e+00 2.031282398552256119e+00 -3.304782217952397350e+00
-6.237298649160743835e+00 3.712326052105461116e+01 -1.854206245020458610e+01 1.345303098769421091e+01 2.389897311532469093e+00 1.529073826409112560e-02 5.166450888052093404e+00 -3.496387285889110519e+00 -3.659657310403484631e-01 -1.296663582066166498e+00 8.377874805697232974e-01 -1.279383726856991692e-02
2.173177300381128774e+00 6.687325429095269946e+00 9.568531749328787583e+00 -5.469269582672163565e+00 -6.701125916015620909e+00 -1.188212408522824504e+00 1.994081418434301423e-01 2.384432439388565417e+00 8.068671392198725201e+00 1.138099826313702989e+00 5.296945447507779292e+00 5.806619000501126449e-01
5.682222631047448402e+00 7.504506834731821563e+00 1.101412697172866828e+01 -1.609542080976456546e+01 -2.380253816507103881e+00 -3.077469978624580271e+00 4.648442536994745744e+00 -8.703131064498570879e+00 1.978950910344838610e+00 -1.888617931674887895e+00 1.122437200435622895e+00 -1.553874726452626032e+00
-3.967755155394617095e+00 -6.774731089146968088e+00 3.359108688728057235e+00 2.347865109957389507e+00 -7.249623557701547760e+00 -1.998162852882375384e+00 1.835752652118682704e+01 9.816890466928999359e+00 -2.274201731235653501e+00 -1.134451107552377547e+00 -3.699813954015098272e+00 -2.459361117042226486e+00
-1.651078117273210522e+00 4.212701120995260951e+00 9.713426927663334487e-01 -6.892287201908989580e+00 1.295644893376914242e+00 -1.432122321307688351e+00 -1.914312926978081197e+00 4.523545296484519973e+00 -1.464355911469154004e-01 -1.149825369272383879e+00 -1.436325641022743849e+00 6.130719232774470839e+00
-6.187310064654251152e-01 6.129556407377397598e+00 5.243790821412868119e+00 -1.621897363797430813e+01 7.724394658708832573e+00 -3.797116795499377417e+00 2.686156712329304530e-01 -4.796706446305979199e+00 -4.718235034738281541e+00 -4.340620331783306085e+00 -5.470558672013185131e+00 -5.575534237758514866e-01
1.586714159734937368e+01 2.156391822546392500e+00 2.805957522110739077e+01 1.988212597591177655e+01 -4.917994408459345657e+00 -8.549277902313605182e+00 -6.513845916486765475e+00 -2.265752382219458738e+00 -3.029083843243243646e+00 -2.421979267369301692e+00 -1.643080573267801991e+00 6.237092284337518444e-02
-4.383598127728585148e+00 1.667641848116560022e+00 -2.125482354505972893e+00 -3.754225140746104028e+00 -7.381374627977957736e+00 7.340141470294260451e+00 -7.306049872154603442e+00 6.585863423022607854e+00 -3.752111533771831375e+00 -5.147999454479128545e+00 4.955074763007606187e+00 -6.945516401969646481e+00
-8.997816547428184819e+00 -1.335776576578196995e+01 -4.076544345552991722e+00 6.083397511206423580e+00 2.504135326889357138e+00 6.821071573747689243e+00 -5.083940217563650554e-01 -2.788709631790358578e+00 1.426555469547537980e+00 -3.199325748161338634e+00 -3.053700513635764668e+00 -2.958215146499967516e-02
-1.027218589765886492e+01 -1.079688223084887788e+01 -2.365696781461381182e+00 3.526650424506639236e+00 1.194705457030427809e+01 -8.392103275907699667e-01 -2.512299988373138504e+00 -2.709563260967867038e+00 3.792799750679638482e+00 6.276174907252966007e-01 2.590230177261672040e+00 -1.538586312932175293e+00
-3.423227552600099699e+00 1.136056465507283875e+01 -5.629224084243088511e-01 -3.757405391616639889e+00 5.518562609972066824e+00 1.013943619856146228e+00 -1.082645292513172564e+01 1.164915697656959281e+01 2.245286330112159501e+00 2.837210078851707618e+00 -5.536283193119952095e+00 -6.637740443091373344e-01
-9.788258030393947706e+00 -7.761863316013802638e+00 -4.369227300065668729e+00 -5.107022638834317618e-01 2.911090629228309634e+00 -5.772682378902763034e+00 6.077576830749791270e-01 3.733170046572430678e+00 -7.944051931074407769e+00 -2.330371949437300305e+00 7.471720918087417118e+00 7.021549506086268266e+00
-9.053121608656780950e+00 -9.087496707616530500e+00 -7.924681829080070905e+00 2.223433657030818633e+00 -1.892748524601482796e+00 -3.500653497524333524e+00 -1.047404195865890841e+00 -3.798542357115982426e+00 4.292255647000132512e+00 -3.081498110039857519e+00 3.410159867842901704e+00 -2.587484651568280114e+00
5.457495638572911645e+01 -7.421655556189733716e+00 -1.864869666567993534e+01 -4.620468221122435160e-01 3.323253509154793228e+00 4.682690710171288906e-01 6.364651219393741011e-01 1.129978572795359071e+00 6.395788248699053880e-02 -2.808528072145182186e-01 4.348170620309048662e-01 -1.730726602138345505e-01
4.031264413919585898e+00 3.238386639679590395e+00 1.046073897721800350e+01 -5.922407196826573461e-01 1.086453778615293353e-01 2.507486371404423764e+00 4.404547842213974995e+00 1.736822646668674919e+00 4.608783624132406942e+00 7.691160806524842464e+00 2.993572453699719915e+00 1.495968726192678622e+00
5.472180804920933062e-01 -7.617606809241342924e-01 4.662780161708898419e+00 4.925991001830883897e-01 -5.988639663238800814e+00 2.205436965948123529e+01 -1.505266922046715194e-01 -5.717931247442923137e+00 -5.662423855355753766e+00 3.719702403653878164e+00 -7.208203640109736021e-01 2.152200154915619112e+00
-9.303729749383943926e+00 -6.699386124870706283e+00 -1.550777247955567262e+01 -1.853201789230958907e+00 -1.108662370123466800e+01 -1.214144591717960431e+01 -3.720525187704209813e+00 -4.287046260408578391e+00 -4.536580391922377054e+00 8.929093813387744660e+00 -2.517045866683401467e+00 -2.107980362461379542e+00
-4.610089867061245350e+00 -4.506597677742963270e+00 -7.024181987953659778e+00 -2.739913679583299566e-01 -1.116170463790918355e+01 2.724501385432643308e-01 -4.530313460717933616e+00 -2.132379694829923178e+00 4.899529721563555817e+00 -2.369555606229608369e+00 -3.261516309871446140e+00 3.822527014422223424e+00
-7.965864483124907913e+00 -1.054745502721224071e+01 -7.228963749218177970e-01 6.382090411804078656e+00 6.719685831695461076e+00 2.118907595077795580e+00 3.728015625780433773e+00 -4.354669451452946594e-01 5.016360319539755253e+00 -1.432005209209469276e+00 -3.804882681355240770e+00 6.683644501263730220e-01
-5.880239949970420758e-16 -2.201040602295583910e-15 3.530345299952317622e-15 -4.475848811311266255e-16 -9.077295380159701978e-16 -9.119534778378639221e-16 -1.975708481421750785e-15 -7.482563172670547259e-16 -1.305485137542062780e-15 -3.169746585093852958e-16 -6.067760004311023294e-16 1.187218295526058505e-15
